, 1, 2, 3, 4, 5, 6, 7, 8, 9, 10, 11, 12, 13, 14, 15, 16, 17, 18
1, 1, 0, 13, 32, 0, 0, 0, 0, 0, 0, 0, 0, 0, 0, 0, 0, 0, 0
2, 40, 1, 0, 0, 0, 18, 25, 0, 0, 0, 0, 21, 0, 0, 0, 0, 0, 0
3, 0, 0, 1, 14, 22, 0, 0, 0, 0, 0, 0, 0, 0, 0, 0, 0, 0, 0
4, 0, 29, 0, 1, 0, 0, 0, 0, 0, 0, 0, 0, 0, 0, 0, 0, 0, 0
5, 0, 0, 0, 0, 1, 0, 31, 0, 0, 11, 0, 0, 0, 0, 0, 0, 0, 0
6, 0, 0, 0, 0, 26, 1, 0, 15, 0, 0, 0, 0, 0, 0, 0, 0, 0, 0
7, 0, 0, 0, 0, 0, 0, 1, 0, 39, 27, 0, 0, 0, 0, 0, 0, 0, 0
8, 0, 0, 0, 0, 0, 0, 0, 1, 0, 0, 0, 0, 0, 20, 0, 0, 0, 0
9, 0, 0, 0, 0, 0, 0, 0, 0, 1, 11, 10, 30, 33, 0, 0, 0, 28, 0
10, 0, 0, 0, 0, 0, 0, 0, 0, 0, 1, 0, 34, 0, 0, 0, 0, 0, 9
11, 0, 0, 0, 0, 0, 35, 0, 0, 0, 0, 1, 0, 0, 0, 0, 0, 0, 0
12, 0, 0, 0, 0, 0, 0, 0, 0, 0, 0, 0, 1, 0, 24, 0, 0, 0, 0
13, 0, 0, 0, 0, 0, 0, 0, 0, 0, 0, 0, 0, 1, 0, 19, 0, 0, 0
14, 0, 0, 0, 0, 0, 0, 0, 0, 0, 0, 0, 0, 0, 1, 0, 21, 0, 0
15, 0, 0, 0, 0, 0, 0, 0, 0, 0, 0, 26, 0, 0, 0, 1, 0, 0, 19
16, 0, 0, 0, 0, 0, 0, 0, 0, 0, 0, 0, 0, 0, 0, 36, 1, 0, 38
17, 0, 0, 0, 0, 0, 0, 0, 0, 0, 0, 0, 0, 0, 0, 0, 0, 1, 29
18, 0, 0, 0, 0, 0, 0, 41, 0, 0, 0, 0, 0, 0, 0, 0, 0, 0, 1